21.0515 -49.1856 47.8919
1.15 -7.78333 -3.15
2.10078 -3.43672 7.48594
-48.8937 -36.8423 154.867
2.48322 -3.56148 5.5159
1.40937 -0.440625 5.18125
0.258539 -0.354494 1.3073
0.11875 -3.20625 10.7125
3.30217 -4.98137 7.82919
1.15 3.5 -3.15
1.86739 -0.230435 1.51304
0.374 0.396 0.73
1.23359 -1.67891 3.59531
1.01625 -1.31667 2.87083
1.43919 -1.94324 3.65405
0.471875 1.62187 1.05625
1.86739 25.3457 -24.063
1.15 24.7 -24.35
1.15 140.045 -146.48
3.30217 31.737 -28.8891
4.11216 53.5796 -50.9207
-0.146875 2.65312 -1.00625
-3.39688 2.65312 -1.00625
